1944
16.8390946367
47.7783786355
78.7979548828
109.0566910615
138.2268874013
166.1621372230
192.8487199860
218.7140819602
244.2350504570
269.7677387607
295.3355423234
320.9155505912
346.4956417060
372.0736375245
397.6556521517
423.2341900190
448.8148760311
474.3955654509
499.9771590737
7.7603214131
35.9106174353
64.2465822158
92.3945425726
120.0279726011
146.5919174718
171.2747084532
194.4204101828
218.9110695536
244.2527371168
269.7677387607
295.3355423234
320.9155505912
346.4956417060
372.0736375245
397.6556521517
423.2341900190
448.8148760311
474.3955654509
499.9771590737
8.2264076990
36.3851360774
64.6912635836
92.8644986588
120.6649735512
147.9416034358
175.7527445152
209.1789895981
241.4046505713
269.0136358025
295.2344266638
320.9155505912
346.4956417060
372.0736375245
397.6556521517
423.2341900190
448.8148760311
474.3955654509
499.9771590737
17.3264302462
48.2000786440
79.0493205825
109.1649909350
138.2658404992
166.1689834921
192.8487199860
218.7166010363
244.2350504570
269.7677387607
295.3355423234
320.9155505912
346.4956417060
372.0736375245
397.6556521517
423.2341900190
448.8148760311
474.3955654509
499.9771590737
3.5825121872
32.1376810054
61.3574830291
89.8930028830
117.3931553369
143.3095490972
168.1239365621
193.3340722037
218.7846160922
244.2389808258
269.7677387607
295.3355423234
320.9155505912
346.4956417060
372.0736375245
397.6556521517
423.2341900190
448.8148760311
474.3955654509
499.9771590737
18.5052535430
49.1570626915
79.6062331079
109.4089278281
138.3437466949
166.1849581199
192.8512792733
218.7166010363
244.2350504570
269.7677387607
295.3355423234
320.9155505912
346.4956417060
372.0736375245
397.6556521517
423.2341900190
448.8148760311
474.3955654509
499.9771590737
24.7856303611
53.9395149542
82.3473790534
110.5044057603
138.6498067493
166.2511387210
192.8666349970
218.7191201125
244.2350504570
269.7677387607
295.3355423234
320.9155505912
346.4956417060
372.0736375245
397.6556521517
423.2341900190
448.8148760311
474.3955654509
499.9771590737
4.3940067940
32.9211174808
61.9515322364
90.4077978905
117.9138343742
143.8530897488
168.4516225126
193.4044409169
218.7896542445
244.2389808258
269.7677387607
295.3355423234
320.9155505912
346.4956417060
372.0736375245
397.6556521517
423.2341900190
448.8148760311
474.3955654509
499.9771590737
4.5148242192
33.0287376687
62.0249707242
90.4679807468
117.9760855491
143.9151747480
168.4885862129
193.4132370061
218.7921733207
244.2389808258
269.7677387607
295.3355423234
320.9155505912
346.4956417060
372.0736375245
397.6556521517
423.2341900190
448.8148760311
474.3955654509
499.9771590737
3.8304988269
32.3999268407
61.5663841562
90.0809379134
117.5948540775
143.5259645214
168.2567230019
193.3633925009
218.7871351684
244.2389808258
269.7677387607
295.3355423234
320.9155505912
346.4956417060
372.0736375245
397.6556521517
423.2341900190
448.8148760311
474.3955654509
499.9771590737
8.0664281960
36.2179830271
64.5322097680
92.6927566980
120.4236117150
147.3886977263
173.4483844167
198.1240742730
220.6165526897
244.4476920104
269.7871231852
295.3355423234
320.9155505912
346.4956417060
372.0736375245
397.6556521517
423.2341900190
448.8148760311
474.3955654509
499.9771590737
5.5213071674
33.8777780893
62.6235268708
90.9544971314
118.4415508561
144.4010425171
168.8010974973
193.4806736896
218.7972114730
244.2389808258
269.7677387607
295.3355423234
320.9155505912
346.4956417060
372.0736375245
397.6556521517
423.2341900190
448.8148760311
474.3955654509
499.9771590737
3.3642091556
31.8947158704
61.1560747485
89.6982834272
117.1744189535
143.0722661480
167.9763233229
193.2988878471
218.7820970161
244.2389808258
269.7677387607
295.3355423234
320.9155505912
346.4956417060
372.0736375245
397.6556521517
423.2341900190
448.8148760311
474.3955654509
499.9771590737
4.3013408250
32.8404023398
61.8933934335
90.3602851092
117.8685607925
143.8065259993
168.4247398215
193.3985768575
218.7896542445
244.2389808258
269.7677387607
295.3355423234
320.9155505912
346.4956417060
372.0736375245
397.6556521517
423.2341900190
448.8148760311
474.3955654509
499.9771590737
2.9965352228
31.4481514168
60.7707704596
89.3144905448
116.7305279527
142.5861958131
167.6904349516
193.2255871041
218.7745397877
244.2370156414
269.7677387607
295.3355423234
320.9155505912
346.4956417060
372.0736375245
397.6556521517
423.2341900190
448.8148760311
474.3955654509
499.9771590737
23.0462764953
52.5413910099
81.4856134727
110.1573877993
138.5552063689
166.2283178241
192.8615164224
218.7166010363
244.2350504570
269.7677387607
295.3355423234
320.9155505912
346.4956417060
372.0736375245
397.6556521517
423.2341900190
448.8148760311
474.3955654509
499.9771590737
5.5334793120
33.8871684258
62.6316546554
90.9580997450
118.4472966069
144.4070220594
168.8044578337
193.4836057193
218.7972114730
244.2389808258
269.7677387607
295.3355423234
320.9155505912
346.4956417060
372.0736375245
397.6556521517
423.2341900190
448.8148760311
474.3955654509
499.9771590737
3.5383749188
32.0910996187
61.3189579718
89.8555568338
117.3518570969
143.2693811295
168.0989467849
193.3282081443
218.7846160922
244.2389808258
269.7677387607
295.3355423234
320.9155505912
346.4956417060
372.0736375245
397.6556521517
423.2341900190
448.8148760311
474.3955654509
499.9771590737
3.3861541283
31.9196101566
61.1749826033
89.7207510567
117.1989438786
143.0984268689
167.9931218245
193.3018198768
218.7820970161
244.2389808258
269.7677387607
295.3355423234
320.9155505912
346.4956417060
372.0736375245
397.6556521517
423.2341900190
448.8148760311
474.3955654509
499.9771590737
24.0217801853
53.3130075792
81.9491740696
110.3384406485
138.6025065591
166.2397282725
192.8640757097
218.7191201125
244.2350504570
269.7677387607
295.3355423234
320.9155505912
346.4956417060
372.0736375245
397.6556521517
423.2341900190
448.8148760311
474.3955654509
499.9771590737
20.8718762749
50.9142262185
80.5717239239
109.7933260905
138.4578236243
166.2077790169
192.8563978478
218.7166010363
244.2350504570
269.7677387607
295.3355423234
320.9155505912
346.4956417060
372.0736375245
397.6556521517
423.2341900190
448.8148760311
474.3955654509
499.9771590737
3.3532366692
31.8791569416
61.1434695121
89.6870496124
117.1639082713
143.0611696970
167.9696039223
193.2959558174
218.7820970161
244.2389808258
269.7677387607
295.3355423234
320.9155505912
346.4956417060
372.0736375245
397.6556521517
423.2341900190
448.8148760311
474.3955654509
499.9771590737
5.5426084205
33.8965587624
62.6343639169
90.9617023585
118.4501694823
144.4100118305
168.8078181701
193.4836057193
218.7997305491
244.2389808258
269.7677387607
295.3355423234
320.9155505912
346.4956417060
372.0736375245
397.6556521517
423.2341900190
448.8148760311
474.3955654509
499.9771590737
22.7088775750
52.2841410329
81.3350323989
110.0970368496
138.5385121841
166.2260357344
192.8589571351
218.7166010363
244.2350504570
269.7677387607
295.3355423234
320.9155505912
346.4956417060
372.0736375245
397.6556521517
423.2341900190
448.8148760311
474.3955654509
499.9771590737
20.9799175490
50.9941617393
80.6140372591
109.8108177010
138.4606059884
166.2077790169
192.8563978478
218.7166010363
244.2350504570
269.7677387607
295.3355423234
320.9155505912
346.4956417060
372.0736375245
397.6556521517
423.2341900190
448.8148760311
474.3955654509
499.9771590737
23.0334733927
52.5315342754
81.4794495346
110.1543702519
138.5552063689
166.2283178241
192.8615164224
218.7166010363
244.2350504570
269.7677387607
295.3355423234
320.9155505912
346.4956417060
372.0736375245
397.6556521517
423.2341900190
448.8148760311
474.3955654509
499.9771590737
11.7965218404
41.3169283627
72.1844748237
104.8175718816
136.4984600891
165.6022300390
192.7245750299
218.6939293510
244.2350504570
269.7677387607
295.3355423234
320.9155505912
346.4956417060
372.0736375245
397.6556521517
423.2341900190
448.8148760311
474.3955654509
499.9771590737
4.7237430281
33.2087825104
62.1541890871
90.5756763843
118.0779511079
144.0207192467
168.5557929407
193.4249651249
218.7921733207
244.2389808258
269.7677387607
295.3355423234
320.9155505912
346.4956417060
372.0736375245
397.6556521517
423.2341900190
448.8148760311
474.3955654509
499.9771590737
19.2765472639
49.7467864204
79.9365849692
109.5420423517
138.3826997927
166.1918043890
192.8538385606
218.7166010363
244.2350504570
269.7677387607
295.3355423234
320.9155505912
346.4956417060
372.0736375245
397.6556521517
423.2341900190
448.8148760311
474.3955654509
499.9771590737
20.3413954204
50.5310219714
80.3642025064
109.7122214948
138.4327823471
166.2032148375
192.8563978478
218.7166010363
244.2350504570
269.7677387607
295.3355423234
320.9155505912
346.4956417060
372.0736375245
397.6556521517
423.2341900190
448.8148760311
474.3955654509
499.9771590737
8.7422789863
36.9470461178
65.2822184961
93.5737976088
121.8196026764
151.3928419336
185.9790574507
216.5266025358
243.6348714345
269.7116993145
295.3333952126
320.9155505912
346.4956417060
372.0736375245
397.6556521517
423.2341900190
448.8148760311
474.3955654509
499.9771590737
4.7913073432
33.2692867737
62.1974810083
90.6105190906
118.1119062942
144.0548659963
168.5759549591
193.4308291844
218.7921733207
244.2389808258
269.7677387607
295.3355423234
320.9155505912
346.4956417060
372.0736375245
397.6556521517
423.2341900190
448.8148760311
474.3955654509
499.9771590737
6.8927092570
35.0690108473
63.5169110152
91.6999133849
119.1964912317
145.2829505912
169.4783706016
193.6477993834
218.8173640821
244.2409460103
269.7677387607
295.3355423234
320.9155505912
346.4956417060
372.0736375245
397.6556521517
423.2341900190
448.8148760311
474.3955654509
499.9771590737
19.8220363303
50.1526813290
80.1591988067
109.6314464038
138.4105234340
166.1963685684
192.8538385606
218.7166010363
244.2350504570
269.7677387607
295.3355423234
320.9155505912
346.4956417060
372.0736375245
397.6556521517
423.2341900190
448.8148760311
474.3955654509
499.9771590737
5.2879285173
33.6852273841
62.4896239765
90.8464187243
118.3349502583
144.2904209844
168.7271700967
193.4630815112
218.7972114730
244.2389808258
269.7677387607
295.3355423234
320.9155505912
346.4956417060
372.0736375245
397.6556521517
423.2341900190
448.8148760311
474.3955654509
499.9771590737
19.5200852687
49.9315595591
80.0374087212
109.5829127755
138.3966116134
166.1940864787
192.8538385606
218.7166010363
244.2350504570
269.7677387607
295.3355423234
320.9155505912
346.4956417060
372.0736375245
397.6556521517
423.2341900190
448.8148760311
474.3955654509
499.9771590737
20.1454299276
50.3881936921
80.2866206084
109.6812640484
138.4244352547
166.2009327478
192.8538385606
218.7166010363
244.2350504570
269.7677387607
295.3355423234
320.9155505912
346.4956417060
372.0736375245
397.6556521517
423.2341900190
448.8148760311
474.3955654509
499.9771590737
5.7160370801
34.0420323652
62.7389772117
91.0485016932
118.5341873668
144.5053725803
168.8716645615
193.4982658679
218.7997305491
244.2389808258
269.7677387607
295.3355423234
320.9155505912
346.4956417060
372.0736375245
397.6556521517
423.2341900190
448.8148760311
474.3955654509
499.9771590737
3.8064185996
32.3712810797
61.5455857752
90.0635239786
117.5765309442
143.5074335237
168.2466419928
193.3604604711
218.7871351684
244.2389808258
269.7677387607
295.3355423234
320.9155505912
346.4956417060
372.0736375245
397.6556521517
423.2341900190
448.8148760311
474.3955654509
499.9771590737
5.1114580019
33.5386247899
62.3864434941
90.7635586122
118.2561809032
144.2067073921
168.6734047144
193.4513533924
218.7946923968
244.2389808258
269.7677387607
295.3355423234
320.9155505912
346.4956417060
372.0736375245
397.6556521517
423.2341900190
448.8148760311
474.3955654509
499.9771590737
6.7418471473
34.9299776990
63.4073354440
91.6032662249
119.0934724021
145.1477609137
169.3576300455
193.6155470565
218.8148450060
244.2409460103
269.7677387607
295.3355423234
320.9155505912
346.4956417060
372.0736375245
397.6556521517
423.2341900190
448.8148760311
474.3955654509
499.9771590737
20.6994398561
50.7926265944
80.5058810679
109.7670886748
138.4494765319
166.2054969272
192.8563978478
218.7166010363
244.2350504570
269.7677387607
295.3355423234
320.9155505912
346.4956417060
372.0736375245
397.6556521517
423.2341900190
448.8148760311
474.3955654509
499.9771590737
4.8399729162
33.3076809758
62.2253115291
90.6326917218
118.1317134862
144.0765957460
168.5893963046
193.4337612141
218.7921733207
244.2389808258
269.7677387607
295.3355423234
320.9155505912
346.4956417060
372.0736375245
397.6556521517
423.2341900190
448.8148760311
474.3955654509
499.9771590737
16.3763042749
47.3559607834
78.5290031380
108.9344170109
138.1851519394
166.1522847991
192.8461606987
218.7140819602
244.2350504570
269.7677387607
295.3355423234
320.9155505912
346.4956417060
372.0736375245
397.6556521517
423.2341900190
448.8148760311
474.3955654509
499.9771590737
24.5529389471
53.7497958489
82.2228894384
110.4500899055
138.6331125645
166.2465745416
192.8640757097
218.7191201125
244.2350504570
269.7677387607
295.3355423234
320.9155505912
346.4956417060
372.0736375245
397.6556521517
423.2341900190
448.8148760311
474.3955654509
499.9771590737
4.0422465126
32.6040767357
61.7212596721
90.2171851744
117.7287396885
143.6639976743
168.3407314117
193.3809846792
218.7871351684
244.2389808258
269.7677387607
295.3355423234
320.9155505912
346.4956417060
372.0736375245
397.6556521517
423.2341900190
448.8148760311
474.3955654509
499.9771590737
6.9863715127
35.1556082821
63.5885588859
91.7625145921
119.2702592442
145.3802745886
169.5663860956
193.6712556212
218.8224022344
244.2409460103
269.7677387607
295.3355423234
320.9155505912
346.4956417060
372.0736375245
397.6556521517
423.2341900190
448.8148760311
474.3955654509
499.9771590737
6.7590872294
34.9455474695
63.4176302789
91.6113095384
119.1030921934
145.1618761580
169.3706063286
193.6184790863
218.8148450060
244.2409460103
269.7677387607
295.3355423234
320.9155505912
346.4956417060
372.0736375245
397.6556521517
423.2341900190
448.8148760311
474.3955654509
499.9771590737
4.5284848736
33.0388270614
62.0341505352
90.4774833030
117.9817447468
143.9213832479
168.4953068857
193.4132370061
218.7921733207
244.2389808258
269.7677387607
295.3355423234
320.9155505912
346.4956417060
372.0736375245
397.6556521517
423.2341900190
448.8148760311
474.3955654509
499.9771590737
20.0739377063
50.3364801561
80.2587097075
109.6735981177
138.4216528905
166.1986506581
192.8538385606
218.7166010363
244.2350504570
269.7677387607
295.3355423234
320.9155505912
346.4956417060
372.0736375245
397.6556521517
423.2341900190
448.8148760311
474.3955654509
499.9771590737
11.1186455382
40.2383225513
70.3667505289
102.7144737836
135.4522666414
165.2457340174
192.6009833782
218.6712576657
244.2350504570
269.7677387607
295.3355423234
320.9155505912
346.4956417060
372.0736375245
397.6556521517
423.2341900190
448.8148760311
474.3955654509
499.9771590737
18.2032987547
48.9161290404
79.4676331205
109.3497658175
138.3242701459
166.1803939406
192.8512792733
218.7166010363
244.2350504570
269.7677387607
295.3355423234
320.9155505912
346.4956417060
372.0736375245
397.6556521517
423.2341900190
448.8148760311
474.3955654509
499.9771590737
23.9507771266
53.2555293584
81.9150491647
110.3263704586
138.5997241950
166.2397282725
192.8640757097
218.7191201125
244.2350504570
269.7677387607
295.3355423234
320.9155505912
346.4956417060
372.0736375245
397.6556521517
423.2341900190
448.8148760311
474.3955654509
499.9771590737
4.0255005096
32.5898347548
61.7094235177
90.2083023656
117.7195557268
143.6577309415
168.3340107389
193.3780526494
218.7871351684
244.2389808258
269.7677387607
295.3355423234
320.9155505912
346.4956417060
372.0736375245
397.6556521517
423.2341900190
448.8148760311
474.3955654509
499.9771590737
4.6505311582
33.1467307701
62.1078048857
90.5376661593
118.0411663228
143.9834682472
168.5322705860
193.4220330952
218.7921733207
244.2389808258
269.7677387607
295.3355423234
320.9155505912
346.4956417060
372.0736375245
397.6556521517
423.2341900190
448.8148760311
474.3955654509
499.9771590737
23.1766975617
52.6414105321
81.5441708845
110.1815281792
138.5607710971
166.2305999138
192.8615164224
218.7166010363
244.2350504570
269.7677387607
295.3355423234
320.9155505912
346.4956417060
372.0736375245
397.6556521517
423.2341900190
448.8148760311
474.3955654509
499.9771590737
4.2955516634
32.8370392089
61.8872735596
90.3571175905
117.8657311937
143.8034217494
168.4213794851
193.3985768575
218.7896542445
244.2389808258
269.7677387607
295.3355423234
320.9155505912
346.4956417060
372.0736375245
397.6556521517
423.2341900190
448.8148760311
474.3955654509
499.9771590737
24.7643012548
53.9224833968
82.3361426059
110.4983706653
138.6470243852
166.2511387210
192.8666349970
218.7191201125
244.2350504570
269.7677387607
295.3355423234
320.9155505912
346.4956417060
372.0736375245
397.6556521517
423.2341900190
448.8148760311
474.3955654509
499.9771590737
18.0025644924
48.7554240595
79.3754087957
109.3090919353
138.3131406894
166.1781118509
192.8512792733
218.7166010363
244.2350504570
269.7677387607
295.3355423234
320.9155505912
346.4956417060
372.0736375245
397.6556521517
423.2341900190
448.8148760311
474.3955654509
499.9771590737
17.0516202749
47.9651488447
78.9068611509
109.1056006818
138.2435815861
166.1644193127
192.8487199860
218.7140819602
244.2350504570
269.7677387607
295.3355423234
320.9155505912
346.4956417060
372.0736375245
397.6556521517
423.2341900190
448.8148760311
474.3955654509
499.9771590737
15.6774079710
46.6610897118
78.0581300908
108.7135411413
138.1072457437
166.1358640927
192.8436014114
218.7140819602
244.2350504570
269.7677387607
295.3355423234
320.9155505912
346.4956417060
372.0736375245
397.6556521517
423.2341900190
448.8148760311
474.3955654509
499.9771590737
7.5568390335
35.7079459559
64.0622926837
92.2153930415
119.8028518552
146.1897907682
170.5639131173
194.0343420284
218.8668241554
244.2468415635
269.7677387607
295.3355423234
320.9155505912
346.4956417060
372.0736375245
397.6556521517
423.2341900190
448.8148760311
474.3955654509
499.9771590737
4.3389703756
32.8740336485
61.9148129925
90.3792902217
117.8883679845
143.8251514991
168.4348208307
193.4015088872
218.7896542445
244.2389808258
269.7677387607
295.3355423234
320.9155505912
346.4956417060
372.0736375245
397.6556521517
423.2341900190
448.8148760311
474.3955654509
499.9771590737
19.1721048981
49.6682850677
79.8968374914
109.5272518491
138.3799174286
166.1918043890
192.8538385606
218.7166010363
244.2350504570
269.7677387607
295.3355423234
320.9155505912
346.4956417060
372.0736375245
397.6556521517
423.2341900190
448.8148760311
474.3955654509
499.9771590737
16.1046732343
47.0952751986
78.3592212235
108.8575590362
138.1573282980
166.1490006579
192.8436014114
218.7140819602
244.2350504570
269.7677387607
295.3355423234
320.9155505912
346.4956417060
372.0736375245
397.6556521517
423.2341900190
448.8148760311
474.3955654509
499.9771590737
22.1004816368
51.8151814788
81.0650808258
109.9909955538
138.5106885428
166.2191894653
192.8589571351
218.7166010363
244.2350504570
269.7677387607
295.3355423234
320.9155505912
346.4956417060
372.0736375245
397.6556521517
423.2341900190
448.8148760311
474.3955654509
499.9771590737
6.5723902204
34.7800955360
63.2922847756
91.5060356368
118.9937170839
145.0252472573
169.2570638519
193.5891587891
218.8123259298
244.2409460103
269.7677387607
295.3355423234
320.9155505912
346.4956417060
372.0736375245
397.6556521517
423.2341900190
448.8148760311
474.3955654509
499.9771590737
3.9892175032
32.5542298024
61.6827921703
90.1846148755
117.6981264829
143.6326640103
168.3205693934
193.3751206197
218.7871351684
244.2389808258
269.7677387607
295.3355423234
320.9155505912
346.4956417060
372.0736375245
397.6556521517
423.2341900190
448.8148760311
474.3955654509
499.9771590737
8.8038527430
37.0170555564
65.3573432581
93.6733315961
122.0101196088
152.0433451090
186.7060473240
216.7625279926
243.7042098619
269.7315624148
295.3333952126
320.9155505912
346.4956417060
372.0736375245
397.6556521517
423.2341900190
448.8148760311
474.3955654509
499.9771590737
3.4323671060
31.9693987289
61.2191009309
89.7619417108
117.2479937287
143.1520680288
168.0267188276
193.3106159659
218.7820970161
244.2389808258
269.7677387607
295.3355423234
320.9155505912
346.4956417060
372.0736375245
397.6556521517
423.2341900190
448.8148760311
474.3955654509
499.9771590737
21.3665527082
51.2744760365
80.7664327973
109.8691230692
138.4773001732
166.2123431962
192.8563978478
218.7166010363
244.2350504570
269.7677387607
295.3355423234
320.9155505912
346.4956417060
372.0736375245
397.6556521517
423.2341900190
448.8148760311
474.3955654509
499.9771590737
14.8385515743
45.7153165531
77.3295804275
108.3499128537
137.9661962796
166.1030226798
192.8365998595
218.7140819602
244.2350504570
269.7677387607
295.3355423234
320.9155505912
346.4956417060
372.0736375245
397.6556521517
423.2341900190
448.8148760311
474.3955654509
499.9771590737
8.3661989695
36.5308929599
64.8399538576
93.0318794232
120.9135998520
148.5664469969
178.7178239141
213.2736917618
242.6731497634
269.3923858821
295.3355423234
320.9155505912
346.4956417060
372.0736375245
397.6556521517
423.2341900190
448.8148760311
474.3955654509
499.9771590737
9.5391971986
37.9258974400
66.5174702392
95.5098456569
126.4362247523
160.8572363134
191.1616821901
218.1878730578
244.1856944475
269.7653157076
295.3355423234
320.9155505912
346.4956417060
372.0736375245
397.6556521517
423.2341900190
448.8148760311
474.3955654509
499.9771590737
6.5550873491
34.7667970838
63.2794481967
91.4954593897
118.9827319280
145.0138161309
169.2473316396
193.5891587891
218.8098068537
244.2409460103
269.7677387607
295.3355423234
320.9155505912
346.4956417060
372.0736375245
397.6556521517
423.2341900190
448.8148760311
474.3955654509
499.9771590737
16.2078580204
47.1949208900
78.4230490422
108.8855073906
138.1684577546
166.1490006579
192.8461606987
218.7140819602
244.2350504570
269.7677387607
295.3355423234
320.9155505912
346.4956417060
372.0736375245
397.6556521517
423.2341900190
448.8148760311
474.3955654509
499.9771590737
5.2395794179
33.6458108649
62.4603005513
90.8212004293
118.3132207810
144.2665028152
168.7103684147
193.4601494815
218.7972114730
244.2389808258
269.7677387607
295.3355423234
320.9155505912
346.4956417060
372.0736375245
397.6556521517
423.2341900190
448.8148760311
474.3955654509
499.9771590737
14.9076844394
45.7975169718
77.3935062737
108.3843873557
137.9810018479
166.1063068211
192.8365998595
218.7140819602
244.2350504570
269.7677387607
295.3355423234
320.9155505912
346.4956417060
372.0736375245
397.6556521517
423.2341900190
448.8148760311
474.3955654509
499.9771590737
23.4129887834
52.8326441935
81.6617531699
110.2267913915
138.5719005537
166.2328820035
192.8615164224
218.7191201125
244.2350504570
269.7677387607
295.3355423234
320.9155505912
346.4956417060
372.0736375245
397.6556521517
423.2341900190
448.8148760311
474.3955654509
499.9771590737
4.4354497854
32.9581119204
61.9760117323
90.4299705217
117.9364711651
143.8748194985
168.4650638582
193.4073729466
218.7896542445
244.2389808258
269.7677387607
295.3355423234
320.9155505912
346.4956417060
372.0736375245
397.6556521517
423.2341900190
448.8148760311
474.3955654509
499.9771590737
6.0830817113
34.3564146551
62.9731885734
91.2410005427
118.7277858064
144.7179682889
169.0258728060
193.5334502245
218.8047687014
244.2409460103
269.7677387607
295.3355423234
320.9155505912
346.4956417060
372.0736375245
397.6556521517
423.2341900190
448.8148760311
474.3955654509
499.9771590737
12.4742780777
42.3871021698
73.7703825358
106.1583295319
137.0799252194
165.7989372153
192.7840882206
218.7040056556
244.2350504570
269.7677387607
295.3355423234
320.9155505912
346.4956417060
372.0736375245
397.6556521517
423.2341900190
448.8148760311
474.3955654509
499.9771590737
19.2143669916
49.7031745578
79.9138721247
109.5346471004
138.3799174286
166.1918043890
192.8538385606
218.7166010363
244.2350504570
269.7677387607
295.3355423234
320.9155505912
346.4956417060
372.0736375245
397.6556521517
423.2341900190
448.8148760311
474.3955654509
499.9771590737
3.1893830272
31.6848000477
60.9783453046
89.5270679908
116.9788314050
142.8582914993
167.8457947120
193.2666355202
218.7770588638
244.2389808258
269.7677387607
295.3355423234
320.9155505912
346.4956417060
372.0736375245
397.6556521517
423.2341900190
448.8148760311
474.3955654509
499.9771590737
21.7571920863
51.5600194893
80.9199595094
109.9332589742
138.4939943580
166.2146252859
192.8589571351
218.7166010363
244.2350504570
269.7677387607
295.3355423234
320.9155505912
346.4956417060
372.0736375245
397.6556521517
423.2341900190
448.8148760311
474.3955654509
499.9771590737
8.0749469879
36.2290436839
64.5419693387
92.7031384768
120.4392646884
147.4215704014
173.5706055612
198.6108285539
221.3343664080
244.5788981871
269.8016615036
295.3355423234
320.9155505912
346.4956417060
372.0736375245
397.6556521517
423.2341900190
448.8148760311
474.3955654509
499.9771590737
21.4049499714
51.2999886065
80.7808125364
109.8749536060
138.4800825373
166.2123431962
192.8563978478
218.7166010363
244.2350504570
269.7677387607
295.3355423234
320.9155505912
346.4956417060
372.0736375245
397.6556521517
423.2341900190
448.8148760311
474.3955654509
499.9771590737
23.8205933799
53.1559222065
81.8543826670
110.3022300787
138.5941594667
166.2374461828
192.8615164224
218.7191201125
244.2350504570
269.7677387607
295.3355423234
320.9155505912
346.4956417060
372.0736375245
397.6556521517
423.2341900190
448.8148760311
474.3955654509
499.9771590737
8.4124244592
36.5833958140
64.8922489181
93.0921979159
121.0095398579
148.8225444950
179.7540131618
213.9627078123
242.8740127780
269.4545414170
295.3398365450
320.9155505912
346.4956417060
372.0736375245
397.6556521517
423.2341900190
448.8148760311
474.3955654509
499.9771590737
24.1707657965
53.4356473462
82.0250071917
110.3686161234
138.6108536515
166.2420103622
192.8640757097
218.7191201125
244.2350504570
269.7677387607
295.3355423234
320.9155505912
346.4956417060
372.0736375245
397.6556521517
423.2341900190
448.8148760311
474.3955654509
499.9771590737
5.9271360250
34.2229338378
62.8712174998
91.1575589644
118.6453788190
144.6245567675
168.9567853884
193.5187900759
218.8022496253
244.2409460103
269.7677387607
295.3355423234
320.9155505912
346.4956417060
372.0736375245
397.6556521517
423.2341900190
448.8148760311
474.3955654509
499.9771590737
17.5849413458
48.4156895743
79.1756920577
109.2243811882
138.2825346840
166.1735476715
192.8487199860
218.7166010363
244.2350504570
269.7677387607
295.3355423234
320.9155505912
346.4956417060
372.0736375245
397.6556521517
423.2341900190
448.8148760311
474.3955654509
499.9771590737
17.1283274534
48.0307710571
78.9473218284
109.1230684033
138.2491463144
166.1667014024
192.8487199860
218.7166010363
244.2350504570
269.7677387607
295.3355423234
320.9155505912
346.4956417060
372.0736375245
397.6556521517
423.2341900190
448.8148760311
474.3955654509
499.9771590737
16.5243594852
47.4952039177
78.6201588146
108.9763395425
138.1990637600
166.1555689404
192.8461606987
218.7140819602
244.2350504570
269.7677387607
295.3355423234
320.9155505912
346.4956417060
372.0736375245
397.6556521517
423.2341900190
448.8148760311
474.3955654509
499.9771590737
9.6815451180
38.1091552865
66.7769439014
95.9914278250
127.6160434738
161.7759281573
191.4636268669
218.2910489038
244.2146680850
269.7653157076
295.3355423234
320.9155505912
346.4956417060
372.0736375245
397.6556521517
423.2341900190
448.8148760311
474.3955654509
499.9771590737
10.8907175728
39.8879265213
69.7529076199
101.7950104152
134.9208368313
165.0609777112
192.5391716924
218.6610456471
244.2350504570
269.7677387607
295.3355423234
320.9155505912
346.4956417060
372.0736375245
397.6556521517
423.2341900190
448.8148760311
474.3955654509
499.9771590737
7.7132875400
35.8625375141
64.2032780822
92.3540954100
119.9772164614
146.4934012195
171.0820786810
194.3007372068
218.8979546382
244.2507719323
269.7677387607
295.3355423234
320.9155505912
346.4956417060
372.0736375245
397.6556521517
423.2341900190
448.8148760311
474.3955654509
499.9771590737
19.3179602989
49.7787684530
79.9536196026
109.5497055562
138.3854821568
166.1918043890
192.8538385606
218.7166010363
244.2350504570
269.7677387607
295.3355423234
320.9155505912
346.4956417060
372.0736375245
397.6556521517
423.2341900190
448.8148760311
474.3955654509
499.9771590737
24.0537315618
53.3385534551
81.9643406940
110.3444757435
138.6052889232
166.2397282725
192.8640757097
218.7191201125
244.2350504570
269.7677387607
295.3355423234
320.9155505912
346.4956417060
372.0736375245
397.6556521517
423.2341900190
448.8148760311
474.3955654509
499.9771590737
21.6315987405
51.4661626046
80.8690806129
109.9099368269
138.4884296297
166.2146252859
192.8563978478
218.7166010363
244.2350504570
269.7677387607
295.3355423234
320.9155505912
346.4956417060
372.0736375245
397.6556521517
423.2341900190
448.8148760311
474.3955654509
499.9771590737

0
0
0
0
0
0
0
0
0
0
0
0
0
0
0
0
0
0
0
1
1
1
1
1
1
1
1
1
1
1
1
1
1
1
1
1
1
1
1
2
2
2
2
2
2
2
2
2
2
2
2
2
2
2
2
2
2
2
3
3
3
3
3
3
3
3
3
3
3
3
3
3
3
3
3
3
3
4
4
4
4
4
4
4
4
4
4
4
4
4
4
4
4
4
4
4
4
5
5
5
5
5
5
5
5
5
5
5
5
5
5
5
5
5
5
5
6
6
6
6
6
6
6
6
6
6
6
6
6
6
6
6
6
6
6
7
7
7
7
7
7
7
7
7
7
7
7
7
7
7
7
7
7
7
7
8
8
8
8
8
8
8
8
8
8
8
8
8
8
8
8
8
8
8
8
9
9
9
9
9
9
9
9
9
9
9
9
9
9
9
9
9
9
9
9
10
10
10
10
10
10
10
10
10
10
10
10
10
10
10
10
10
10
10
10
11
11
11
11
11
11
11
11
11
11
11
11
11
11
11
11
11
11
11
11
12
12
12
12
12
12
12
12
12
12
12
12
12
12
12
12
12
12
12
12
13
13
13
13
13
13
13
13
13
13
13
13
13
13
13
13
13
13
13
13
14
14
14
14
14
14
14
14
14
14
14
14
14
14
14
14
14
14
14
14
15
15
15
15
15
15
15
15
15
15
15
15
15
15
15
15
15
15
15
16
16
16
16
16
16
16
16
16
16
16
16
16
16
16
16
16
16
16
16
17
17
17
17
17
17
17
17
17
17
17
17
17
17
17
17
17
17
17
17
18
18
18
18
18
18
18
18
18
18
18
18
18
18
18
18
18
18
18
18
19
19
19
19
19
19
19
19
19
19
19
19
19
19
19
19
19
19
19
20
20
20
20
20
20
20
20
20
20
20
20
20
20
20
20
20
20
20
21
21
21
21
21
21
21
21
21
21
21
21
21
21
21
21
21
21
21
21
22
22
22
22
22
22
22
22
22
22
22
22
22
22
22
22
22
22
22
22
23
23
23
23
23
23
23
23
23
23
23
23
23
23
23
23
23
23
23
24
24
24
24
24
24
24
24
24
24
24
24
24
24
24
24
24
24
24
25
25
25
25
25
25
25
25
25
25
25
25
25
25
25
25
25
25
25
26
26
26
26
26
26
26
26
26
26
26
26
26
26
26
26
26
26
26
27
27
27
27
27
27
27
27
27
27
27
27
27
27
27
27
27
27
27
27
28
28
28
28
28
28
28
28
28
28
28
28
28
28
28
28
28
28
28
29
29
29
29
29
29
29
29
29
29
29
29
29
29
29
29
29
29
29
30
30
30
30
30
30
30
30
30
30
30
30
30
30
30
30
30
30
30
31
31
31
31
31
31
31
31
31
31
31
31
31
31
31
31
31
31
31
31
32
32
32
32
32
32
32
32
32
32
32
32
32
32
32
32
32
32
32
32
33
33
33
33
33
33
33
33
33
33
33
33
33
33
33
33
33
33
33
34
34
34
34
34
34
34
34
34
34
34
34
34
34
34
34
34
34
34
34
35
35
35
35
35
35
35
35
35
35
35
35
35
35
35
35
35
35
35
36
36
36
36
36
36
36
36
36
36
36
36
36
36
36
36
36
36
36
37
37
37
37
37
37
37
37
37
37
37
37
37
37
37
37
37
37
37
37
38
38
38
38
38
38
38
38
38
38
38
38
38
38
38
38
38
38
38
38
39
39
39
39
39
39
39
39
39
39
39
39
39
39
39
39
39
39
39
39
40
40
40
40
40
40
40
40
40
40
40
40
40
40
40
40
40
40
40
40
41
41
41
41
41
41
41
41
41
41
41
41
41
41
41
41
41
41
41
42
42
42
42
42
42
42
42
42
42
42
42
42
42
42
42
42
42
42
42
43
43
43
43
43
43
43
43
43
43
43
43
43
43
43
43
43
43
43
44
44
44
44
44
44
44
44
44
44
44
44
44
44
44
44
44
44
44
45
45
45
45
45
45
45
45
45
45
45
45
45
45
45
45
45
45
45
45
46
46
46
46
46
46
46
46
46
46
46
46
46
46
46
46
46
46
46
46
47
47
47
47
47
47
47
47
47
47
47
47
47
47
47
47
47
47
47
47
48
48
48
48
48
48
48
48
48
48
48
48
48
48
48
48
48
48
48
48
49
49
49
49
49
49
49
49
49
49
49
49
49
49
49
49
49
49
49
50
50
50
50
50
50
50
50
50
50
50
50
50
50
50
50
50
50
50
51
51
51
51
51
51
51
51
51
51
51
51
51
51
51
51
51
51
51
52
52
52
52
52
52
52
52
52
52
52
52
52
52
52
52
52
52
52
53
53
53
53
53
53
53
53
53
53
53
53
53
53
53
53
53
53
53
53
54
54
54
54
54
54
54
54
54
54
54
54
54
54
54
54
54
54
54
54
55
55
55
55
55
55
55
55
55
55
55
55
55
55
55
55
55
55
55
56
56
56
56
56
56
56
56
56
56
56
56
56
56
56
56
56
56
56
56
57
57
57
57
57
57
57
57
57
57
57
57
57
57
57
57
57
57
57
58
58
58
58
58
58
58
58
58
58
58
58
58
58
58
58
58
58
58
59
59
59
59
59
59
59
59
59
59
59
59
59
59
59
59
59
59
59
60
60
60
60
60
60
60
60
60
60
60
60
60
60
60
60
60
60
60
61
61
61
61
61
61
61
61
61
61
61
61
61
61
61
61
61
61
61
61
62
62
62
62
62
62
62
62
62
62
62
62
62
62
62
62
62
62
62
62
63
63
63
63
63
63
63
63
63
63
63
63
63
63
63
63
63
63
63
64
64
64
64
64
64
64
64
64
64
64
64
64
64
64
64
64
64
64
65
65
65
65
65
65
65
65
65
65
65
65
65
65
65
65
65
65
65
66
66
66
66
66
66
66
66
66
66
66
66
66
66
66
66
66
66
66
66
67
67
67
67
67
67
67
67
67
67
67
67
67
67
67
67
67
67
67
67
68
68
68
68
68
68
68
68
68
68
68
68
68
68
68
68
68
68
68
69
69
69
69
69
69
69
69
69
69
69
69
69
69
69
69
69
69
69
69
70
70
70
70
70
70
70
70
70
70
70
70
70
70
70
70
70
70
70
71
71
71
71
71
71
71
71
71
71
71
71
71
71
71
71
71
71
71
72
72
72
72
72
72
72
72
72
72
72
72
72
72
72
72
72
72
72
73
73
73
73
73
73
73
73
73
73
73
73
73
73
73
73
73
73
73
74
74
74
74
74
74
74
74
74
74
74
74
74
74
74
74
74
74
74
74
75
75
75
75
75
75
75
75
75
75
75
75
75
75
75
75
75
75
75
76
76
76
76
76
76
76
76
76
76
76
76
76
76
76
76
76
76
76
76
77
77
77
77
77
77
77
77
77
77
77
77
77
77
77
77
77
77
77
78
78
78
78
78
78
78
78
78
78
78
78
78
78
78
78
78
78
78
79
79
79
79
79
79
79
79
79
79
79
79
79
79
79
79
79
79
79
79
80
80
80
80
80
80
80
80
80
80
80
80
80
80
80
80
80
80
80
80
81
81
81
81
81
81
81
81
81
81
81
81
81
81
81
81
81
81
81
82
82
82
82
82
82
82
82
82
82
82
82
82
82
82
82
82
82
82
83
83
83
83
83
83
83
83
83
83
83
83
83
83
83
83
83
83
83
83
84
84
84
84
84
84
84
84
84
84
84
84
84
84
84
84
84
84
84
85
85
85
85
85
85
85
85
85
85
85
85
85
85
85
85
85
85
85
85
86
86
86
86
86
86
86
86
86
86
86
86
86
86
86
86
86
86
86
87
87
87
87
87
87
87
87
87
87
87
87
87
87
87
87
87
87
87
88
88
88
88
88
88
88
88
88
88
88
88
88
88
88
88
88
88
88
89
89
89
89
89
89
89
89
89
89
89
89
89
89
89
89
89
89
89
90
90
90
90
90
90
90
90
90
90
90
90
90
90
90
90
90
90
90
90
91
91
91
91
91
91
91
91
91
91
91
91
91
91
91
91
91
91
91
92
92
92
92
92
92
92
92
92
92
92
92
92
92
92
92
92
92
92
93
93
93
93
93
93
93
93
93
93
93
93
93
93
93
93
93
93
93
94
94
94
94
94
94
94
94
94
94
94
94
94
94
94
94
94
94
94
95
95
95
95
95
95
95
95
95
95
95
95
95
95
95
95
95
95
95
96
96
96
96
96
96
96
96
96
96
96
96
96
96
96
96
96
96
96
96
97
97
97
97
97
97
97
97
97
97
97
97
97
97
97
97
97
97
97
98
98
98
98
98
98
98
98
98
98
98
98
98
98
98
98
98
98
98
99
99
99
99
99
99
99
99
99
99
99
99
99
99
99
99
99
99
99

-63.1998478801
-59.5083242119
-59.7515737778
-63.4287408032
-55.9171565778
-64.0140266428
-67.9438987746
-56.9289364267
-57.0612046121
-56.2532192668
-59.6694542275
-58.0175251978
-55.6035930260
-56.8261773351
-55.0283759529
-66.7280244684
-58.0269434371
-55.8564086775
-55.6358959316
-67.3973182999
-65.3439884044
-55.5866658298
-58.0336809013
-66.5031859133
-65.4094027663
-66.7191247558
-61.2316899993
-57.2804214073
-64.4241852100
-65.0291942940
-60.0034474798
-57.3495010270
-59.0052263022
-64.7286377424
-57.8163930279
-64.5590567950
-64.9148329325
-58.1747052566
-56.2184914229
-57.6564097406
-58.9093972806
-65.2418319655
-57.3962599396
-62.9916089901
-67.7778585061
-56.5175917985
-59.0620023639
-58.9204623862
-57.0759040329
-64.8736255504
-60.9814175726
-63.8601886830
-67.3478444024
-56.4989625520
-57.2044278014
-66.8137572006
-56.8181465602
-67.9300005199
-63.7585217607
-63.2984537503
-62.6915208019
-59.3960441162
-56.8665746668
-64.3671050334
-62.8729515970
-66.1088467232
-58.7982898019
-56.4522945880
-60.0310851231
-55.7033236770
-65.6475849552
-62.3529864611
-59.8212755764
-60.3576386025
-58.7863937614
-62.9170388996
-57.7726081504
-62.3794033467
-66.9771396677
-56.9756911225
-58.4571226290
-61.4775891093
-64.3913921734
-55.3350940913
-65.8919151524
-59.6748597108
-65.6696968276
-67.2585530949
-59.8443873485
-67.5033058992
-58.3398386372
-63.5534075506
-63.3348512348
-63.0569280691
-60.4169105435
-60.8965039276
-59.4831896758
-64.4468232308
-67.4200946586
-65.8118345232

